159	377
159	620
159	1600
159	2123
159	1203
159	1214
159	1453
159	2397
159	2188
159	1787
159	1519
159	138
159	1695
159	1048
159	169
159	2327
159	1684
159	1581
159	1259
159	765
159	1690
159	1819
159	1935
159	719
159	723
159	735
159	886
159	888
159	1498
159	1636
159	1757
159	2116
159	365
159	1620
159	970
159	2104
159	2325
159	570
159	753
159	1483
159	514
159	1009
159	291
159	882
159	1137
159	1479
159	1841
159	1065
159	498
159	806
159	2399
159	858
159	2014
159	184
159	1182
159	1630
159	1631
159	1138
159	2018
159	1074
159	1375
159	2095
159	1156
159	2363
159	1593
159	1415
159	531
159	2216
159	673
159	1772
159	181
159	925
159	1068
159	55
159	326
159	2456
159	1302
159	1303
159	1139
159	2268
159	906
159	42
159	587
159	1481
159	2067
159	142
159	2186
159	2444
159	698
159	699
159	1077
159	1480
159	1230
159	1232
159	126
159	390
159	2040
159	1155
159	208
159	2451
159	683
159	420
159	225
159	2357
159	2036
159	22
159	1149
159	2038
159	1008
159	1110
159	2016
159	911
159	1150
159	711
159	1589
159	1595
159	1736
159	1094
159	1330
159	355
159	1446
159	1556
159	1466
159	2364
159	2126
159	1285
159	1677
159	1718
159	1004
159	274
159	1205
159	370
159	1037
159	1324
159	1038
159	2032
159	2354
159	1618
159	2081
159	2084
159	2110
159	2124
159	1051
159	670
159	2428
159	566
159	1440
159	1186
159	2092
159	648
159	999
159	1901
159	1502
159	1968
159	1669
159	397
159	2143
159	252
159	619
159	1258
159	1089
159	1427
159	1052
159	493
159	1045
159	1384
163	447
163	1654
163	2399
520	516
520	350
520	423
520	444
520	2
520	288
520	227
520	418
520	607
520	209
520	293
520	614
520	16
520	168
520	522
520	527
520	387
520	679
520	83
520	647
520	584
520	599
520	693
520	704
520	57
520	60
520	200
520	632
520	162
520	89
520	650
520	344
520	438
520	445
520	455
520	543
520	427
520	282
520	565
520	347
520	289
520	262
1376	1936
1376	2056
1376	1591
1376	2223
1376	729
1376	1450
1376	596
1376	704
1376	57
1376	45
1376	1075
1376	200
1376	632
1376	162
1376	445
1376	534
1376	756
522	418
522	1744
522	162
522	289
527	34
527	1704
527	162
641	1683
641	2249
84	358
84	47
84	2079
89	2255
1774	1979
1860	1954
1860	2075
1860	1861
1860	1691
1861	1954
1861	1789
1861	1691
493	450
493	820
493	2259
493	2397
493	1523
493	2351
493	858
493	832
493	267
493	1146
493	1591
493	1809
493	2227
493	906
493	54
493	2430
493	1582
493	479
493	508
493	390
493	1682
493	437
493	533
493	2294
493	519
493	1801
493	262
572	369
572	2065
572	639
572	918
572	173
572	130
572	575
575	847
575	2065
575	2311
575	1042
575	2167
575	2178
575	674
575	814
575	2314
575	1653
575	1660
575	1911
575	361
575	173
575	672
575	1634
575	482
575	2341
575	2459
575	2208
575	1574
575	28
575	596
575	1275
575	547
575	1410
575	130
575	1054
575	1472
575	345
575	1405
575	2202
575	885
575	1194
575	1813
575	1416
575	2093
575	1241
575	2152
575	565
575	388
1444	1505
1444	1097
1444	1464
1444	1415
1444	1206
1444	1060
1444	273
1444	1085
1445	1273
1445	592
1445	273
1447	1464
1447	1273
1447	592
1447	273
1447	1445
576	2368
576	273
576	986
2130	378
2130	1276
2130	1964
2130	1763
2130	1960
377	378
377	640
378	1960
2136	378
2136	640
2136	1250
2338	1733
2338	2034
2338	423
2338	1807
1468	2034
1468	503
1468	745
1468	1095
1468	428
601	2280
601	1991
601	660
601	812
601	678
601	1696
601	1121
601	358
601	581
601	1377
601	1238
601	1385
601	1777
601	2456
601	2012
601	413
601	215
601	280
601	2342
601	1906
601	1252
601	250
601	733
601	328
601	86
601	967
601	491
601	2245
601	351
601	1449
601	1800
601	421
702	81
702	318
702	72
702	564
702	193
702	329
702	109
702	222
702	430
702	639
702	654
702	188
702	474
702	680
702	310
702	372
702	692
702	563
702	626
702	513
702	179
702	466
702	573
702	574
702	297
702	312
702	361
702	583
702	217
702	223
702	659
702	591
702	496
702	497
702	717
702	143
702	267
702	101
702	725
702	540
702	658
702	206
702	107
702	192
702	194
702	43
702	616
702	71
702	547
702	26
702	644
702	345
702	18
702	733
702	510
702	556
702	661
702	696
702	292
702	121
702	124
702	675
702	150
702	195
702	197
702	110
702	655
702	461
702	529
702	346
702	170
702	333
702	88
702	342
65	2184
65	1177
65	2122
65	68
65	205
65	2137
65	1441
65	2258
65	1970
65	177
65	34
65	1602
65	146
65	2326
65	272
65	1999
1074	1214
1074	970
1074	753
1074	1642
1074	1483
1074	882
1074	1002
1074	1080
1074	958
1074	683
1074	1466
1074	1428
1074	999
1074	1502
1074	1258
1080	958
325	114
325	2210
325	2096
325	1804
325	247
1185	831
1274	848
2288	2244
2288	1936
548	869
548	1144
1413	1063
1414	849
1414	1097
1414	548
1414	1144
549	211
549	49
549	50
549	548
550	770
550	245
550	1684
550	1415
1415	2218
1415	1097
1415	2000
1415	988
1415	1010
1415	1274
1415	2267
1415	1400
551	2218
551	2368
551	50
551	1146
551	1206
551	1064
551	63
551	268
551	606
551	2195
1424	1166
1424	1577
1424	895
1424	1026
1424	940
1424	1380
1424	1260
1424	1196
1424	1516
2317	1166
2317	2375
2317	1983
2317	595
2317	304
237	2360
237	6
237	879
237	1760
237	454
237	85
237	1420
324	1529
324	1
324	2412
324	2404
324	1577
324	317
324	1764
324	2166
324	2258
324	2064
324	908
324	298
324	1360
324	1363
324	2386
324	1238
324	1534
324	1894
324	2012
324	1196
324	1204
324	2118
324	2119
324	1189
324	328
324	1173
324	635
324	491
324	2245
324	948
537	1113
537	721
537	518
537	1202
537	1031
537	1616
537	241
537	1433
537	1854
537	1375
537	1349
537	1956
537	485
537	666
537	1198
537	941
537	428
537	965
1401	1432
1401	996
1401	1596
1401	1151
1401	1031
1401	878
1401	774
1401	1433
1401	1349
1401	1399
1401	1129
1401	1417
1401	1168
538	202
538	1888
538	1187
538	1304
538	1132
538	1172
538	1175
538	1435
538	1613
538	164
538	1802
538	1702
538	822
538	59
538	824
538	1174
538	1006
2299	1840
544	569
544	813
544	202
544	277
544	1888
544	1187
544	1304
544	1436
544	1132
544	312
544	334
544	1435
544	1614
544	538
544	1802
544	682
544	1692
544	786
544	790
544	1702
544	954
544	2352
544	1810
544	59
544	824
544	1174
544	335
544	1006
2308	1992
2308	2367
2308	2310
2308	2149
2309	193
2309	1992
2309	813
2309	2200
2309	1680
2309	2314
2309	1756
2309	2183
2309	2208
2309	2241
2309	2308
2309	2310
2309	2149
2309	1337
2309	339
2309	1813
2309	1007
2310	2200
2310	2241
2310	2308
2310	2149
2310	1007
2370	452
2370	628
2370	1808
2370	1694
1060	752
1060	1126
1060	559
1061	507
1061	509
1061	1120
1061	1108
1061	74
1061	1400
1063	769
1063	770
1063	807
1063	1400
1064	2302
1064	870
1064	548
1064	1414
1064	1144
1144	769
1144	770
1144	771
1144	1460
1147	1603
1147	770
1147	771
1147	1141
1147	548
1147	1611
1147	776
1147	777
327	669
327	939
327	940
327	424
327	82
1170	860
1170	1133
1170	792
1170	845
1170	939
1170	940
1170	929
1170	1025
1170	697
1170	1079
1170	1171
1170	896
1170	82
1170	1272
1170	1084
1171	860
1171	939
1171	1079
1171	1170
1171	896
1171	82
1171	1272
1171	1084
1247	1529
1247	960
1247	2340
1247	967
1247	305
401	29
401	317
401	2193
401	1484
401	788
401	1119
401	1974
401	1403
401	884
401	286
401	1204
401	1000
401	1438
401	300
401	2250
1253	1342
1253	1492
1253	1040
1253	971
1253	1425
1253	874
1253	1332
1253	1091
1253	960
1253	1047
1253	1049
1253	1476
1253	893
1253	737
1253	739
1253	1105
1253	1046
2165	964
2165	1395
2165	2460
2165	1975
2165	1854
2165	2260
1254	1975
1254	988
1254	1010
1254	1854
1254	960
402	1905
402	2123
402	1203
402	1661
402	1796
402	2088
402	1042
402	1699
402	2207
402	465
402	2270
402	1657
402	626
402	2372
402	2209
402	1319
402	1325
402	466
402	574
402	555
402	2091
402	775
402	1244
402	496
402	1456
402	2231
402	977
402	143
402	2134
402	294
402	192
402	1211
402	1212
402	218
402	2443
402	374
402	657
402	381
402	1844
402	236
402	552
402	287
402	2265
402	2466
402	1405
402	18
402	899
402	2254
402	863
402	1862
402	634
402	892
402	1485
402	619
402	195
402	655
402	433
402	1265
402	529
402	333
402	366
404	2300
404	1524
404	2390
404	1543
404	642
404	1895
404	1099
404	1684
404	2033
404	1983
404	212
404	960
404	494
404	1602
404	356
404	1212
404	613
404	1139
404	2170
404	515
404	1476
404	595
404	2357
404	198
404	645
404	167
404	171
404	86
404	1199
404	116
404	52
404	224
2169	2390
2169	2375
2169	2033
2169	356
2169	469
2169	1994
2169	1199
1260	964
1260	1395
1260	890
1260	1515
1260	1424
1260	1154
1260	835
1260	1199
1260	972
1261	1395
1261	967
1262	890
1262	960
1262	1260
1262	2170
1262	2128
2170	2260
1264	406
1264	2460
1264	1260
1264	1049
1264	1478
1264	2260
410	78
410	518
410	93
410	21
410	571
410	215
410	280
410	580
410	666
410	651
410	676
410	366
273	2368
273	1415
273	1206
273	63
2106	1749
2473	1293
2473	1900
2473	2013
70	876
70	637
70	2259
70	1467
70	1803
70	622
70	1547
73	854
73	964
73	957
73	1042
73	821
73	895
73	1151
73	1540
73	639
73	568
73	2321
73	2096
73	151
73	918
73	2439
73	2114
73	2162
73	476
73	482
73	929
73	1875
73	238
73	325
73	1582
73	585
73	515
73	831
73	741
73	2211
73	1808
73	249
73	70
73	622
73	1972
73	292
73	353
73	19
73	817
75	819
75	1066
75	128
75	918
75	653
75	1812
75	325
75	175
75	2335
75	236
75	2211
75	622
75	2154
75	1457
75	367
75	488
278	81
278	1276
278	21
278	474
278	1356
278	626
278	100
278	179
278	168
278	601
278	522
278	184
278	1578
278	759
278	238
278	658
278	83
278	596
278	599
278	2290
278	2249
278	437
278	438
278	449
278	455
278	532
278	533
278	534
278	556
278	125
278	150
278	262
2080	2289
1188	1820
1188	2048
1188	1020
1188	1021
1188	842
1188	89
1188	2139
1188	491
1188	133
1198	1238
1198	2413
1198	826
1198	1189
557	2472
557	1997
557	271
557	1118
557	425
557	517
557	1281
557	2289
557	2023
557	799
557	189
557	460
557	972
557	1044
2326	2184
69	1432
69	1596
69	241
69	878
69	940
69	1854
74	1970
74	2127
74	1740
74	1741
74	272
1740	1970
1740	1845
1740	1909
1740	2432
1740	2127
1740	2295
1740	1741
1741	1970
1741	2295
1741	1740
1749	1970
1749	1740
1749	1741
82	12
82	671
82	939
82	152
82	327
82	1170
82	27
82	896
82	1693
82	1272
82	1459
968	1354
968	977
968	196
968	982
968	1518
339	193
339	2200
339	1680
339	2367
339	2314
339	1756
339	312
339	1245
339	2241
339	2308
339	2309
339	2149
339	760
339	1267
339	1007
448	569
448	1030
448	995
2202	1911
2202	2162
2202	1574
2202	575
1528	284
1528	1366
1528	1126
1528	559
1528	776
1813	2167
1813	575
1918	2280
1918	2476
1918	744
1918	1422
216	2280
216	2412
216	1596
216	245
216	848
216	116
216	305
216	52
428	1223
428	2272
428	2438
428	1956
428	1648
1289	2321
1289	2232
1289	2233
1289	2073
1289	2362
437	115
437	1889
437	100
437	2455
437	83
437	2192
437	438
437	533
437	534
2192	2430
438	16
1301	1358
1301	227
1301	21
1301	527
1301	832
1301	80
1301	1450
1301	915
443	2
443	985
443	100
443	1538
443	1744
443	279
449	1551
449	1661
449	435
449	217
449	2228
449	2443
449	402
449	315
455	435
455	880
455	704
455	344
455	612
455	262
530	1321
530	1876
530	1880
530	238
530	412
530	1771
530	60
530	632
530	347
530	1055
530	1115
532	435
533	450
533	516
533	1675
533	2
533	115
533	1358
533	1889
533	288
533	1321
533	1493
533	227
533	400
533	2259
533	953
533	1299
533	1523
533	474
533	1242
533	607
533	1356
533	727
533	360
533	793
533	1829
533	1145
533	100
533	168
533	858
533	522
533	1643
533	832
533	2455
533	34
533	1455
533	267
533	464
533	83
533	1969
533	1744
533	80
533	1439
533	385
533	1629
533	1450
533	584
533	596
533	693
533	57
533	60
533	2286
533	2430
533	1582
533	231
533	1844
533	632
533	315
533	89
533	650
533	344
533	1682
533	437
533	438
533	1301
533	449
533	532
533	534
533	2294
533	543
533	2298
533	2421
533	2422
533	125
533	1296
533	279
533	565
533	289
534	1675
534	444
534	1453
534	689
534	16
534	179
534	1365
534	168
534	34
534	2056
534	658
534	647
534	2443
534	596
534	808
534	1704
534	632
534	315
534	438
534	449
534	455
534	2294
534	2298
534	556
534	1549
534	259
534	303
534	421
2294	614
2294	2298
535	21
535	474
535	360
535	1715
535	915
535	262
543	832
543	1301
543	2298
2298	704
2298	1704
2298	1301
1408	1312
1408	801
1408	1513
1408	851
2381	2137
2381	1342
2381	2160
2381	1105
2382	1697
2382	2258
2382	1717
2382	1192
645	642
645	1202
645	113
645	214
645	714
645	212
645	44
645	1602
645	356
645	404
645	2342
645	2357
645	116
1533	1492
1533	1327
1533	1602
1533	1637
1533	1098
2394	2089
2394	1602
649	417
649	2274
1549	727
1549	1121
1549	818
1555	1159
1555	1145
1555	1591
1555	818
1555	650
1555	1549
1555	145
1555	1465
871	1397
1000	951
1000	1486
1000	1557
1000	1173
1106	973
1106	1013
1106	1073
1106	842
1106	286
1106	1224
1106	1041
1106	850
1106	389
300	417
300	2137
300	933
300	2160
300	645
300	2246
300	1105
304	967
1127	1248
1127	1536
2021	2375
2021	1417
1135	1057
1135	768
1135	1536
1135	831
1135	733
1135	510
1135	1331
1135	1127
307	1133
307	201
1215	762
1215	891
1215	919
1215	1334
1215	1355
1215	1317
1215	741
1215	471
1215	853
1216	1419
1216	1066
1216	1030
1216	1334
1216	741
1216	471
1216	104
1216	105
395	10
395	2049
395	185
395	2387
395	489
395	411
489	2403
489	10
489	183
489	663
489	481
489	2058
489	2349
489	2387
489	265
2240	1716
2240	2210
2240	1742
2240	2096
2240	2439
2240	325
2240	249
2240	2387
2240	73
2240	1753
491	153
491	2139
2245	1590
2245	1974
2245	2112
2245	2305
2245	2250
2245	1800
2246	1770
2246	2348
2246	2388
2246	2212
2246	478
1347	1529
1347	1937
1347	2412
1347	2243
1347	2064
1347	1238
1347	2340
1347	2305
1348	1140
2250	2388
1516	895
1516	1151
1516	929
1516	2060
1516	405
2383	2004
2383	1553
2383	1771
2383	2299
2383	1965
119	1032
119	121
119	124
119	2220
121	2220
1797	2220
124	121
124	2063
124	2220
279	1675
279	187
279	1936
279	953
279	1242
279	209
279	200
1993	2024
1993	1124
1209	1512
1209	894
1209	1388
1209	1201
1209	1210
1209	1369
1210	1411
1210	962
1210	894
1210	1388
1210	1201
1210	1364
1210	1209
992	803
992	964
992	878
992	1380
992	1515
992	1129
992	1476
354	905
354	317
354	1874
354	2031
354	1903
354	1169
354	207
354	172
354	270
354	553
354	1550
354	1218
354	1139
354	215
354	651
354	1204
354	2118
354	2119
354	1833
354	371
354	2264
354	2381
354	967
354	1000
354	1584
687	1368
687	312
687	544
687	1671
687	760
778	1202
778	1514
778	1375
778	1341
778	1168
780	1375
780	1341
1706	2378
1706	213
1710	2300
1710	2378
52	2300
52	2378
133	2219
133	2300
133	2378
133	1293
133	2013
133	1396
133	2343
133	1670
133	231
133	89
133	1333
133	155
133	1041
133	2066
133	2426
224	1524
224	153
1046	1524
1052	1600
1052	1496
1052	1190
1052	1511
1052	566
1052	1294
1052	1055
234	2090
234	472
234	2263
234	1842
234	531
234	925
234	1190
234	1055
1947	337
1947	1835
1947	1190
1947	1511
1947	670
1947	1440
1947	1055
1055	1496
1055	2159
1055	1156
1055	1190
1055	1511
2043	78
2043	1679
1914	2467
1915	2467
1915	557
1915	1914
1939	2001
1939	2190
1940	2345
1940	2019
389	1760
389	856
389	1360
389	1363
389	412
1235	1118
1235	1070
1235	871
598	642
598	678
598	414
598	621
598	242
598	356
598	446
598	613
598	404
598	595
598	597
598	198
598	250
598	645
598	167
598	171
598	86
598	408
598	351
2355	2360
603	598
603	271
603	431
603	1286
603	517
603	1779
603	106
603	2289
603	20
603	688
603	557
603	542
603	127
603	189
603	1915
611	2360
611	161
611	2122
611	93
611	2379
611	429
611	2222
611	1971
611	707
611	1549
2360	305
161	429
161	1063
928	2297
928	812
928	1548
928	2411
928	2400
928	133
244	7
244	375
244	512
244	971
244	254
244	0
244	8
244	14
244	1049
244	706
244	407
450	93
450	205
450	581
450	207
450	490
450	469
450	215
450	442
450	286
450	709
450	371
450	536
450	52
450	259
451	611
451	450
451	144
451	393
451	1277
451	1534
451	2427
451	89
451	2128
451	133
451	421
1551	750
1551	194
821	1499
1158	1167
1165	920
1165	1157
1165	1119
1165	1192
1165	13
1165	884
1165	1204
1165	744
1165	1422
2046	1696
1167	1158
1167	811
1167	280
1167	357
1167	1575
1169	1417
1169	965
1169	1459
2176	2009
1268	1287
1268	1374
2180	375
2180	524
2182	1609
2182	2080
2182	1044
425	1998
425	9
425	664
425	1616
425	1920
425	2180
425	2272
425	1474
425	1281
425	1567
425	1950
425	1955
425	1956
425	1367
425	485
425	2413
425	1198
425	826
425	965
425	1896
1283	1034
2185	1867
2185	375
2185	524
2185	1309
2185	2103
2185	2180
2185	947
2185	1902
431	253
431	1609
431	127
1286	2009
1286	1268
1286	1287
1286	2289
1286	2438
1286	740
1287	1609
1287	1386
517	271
517	425
517	557
517	478
517	428
517	542
517	460
2272	2180
523	579
523	375
523	524
523	2180
1386	1609
1386	1374
628	2100
628	452
628	1930
628	1843
628	2062
628	1279
628	1808
628	243
628	817
1500	1636
1500	1221
1500	380
1500	1225
1500	1108
1500	1095
1508	1221
1508	892
633	2156
633	503
633	1867
633	1309
633	1268
633	2185
633	1286
633	517
633	2477
633	1377
633	1221
633	944
633	945
633	2438
633	557
633	428
633	871
633	542
633	127
1514	2205
1514	1221
1514	28
1634	803
1634	2060
1634	1410
858	1497
858	1579
858	1069
858	1351
858	1498
858	1078
858	1182
858	925
858	1481
858	1237
858	909
858	911
858	718
858	763
858	1152
858	924
858	1398
858	850
858	1055
185	10
185	663
185	481
185	186
185	265
185	395
185	489
185	411
186	10
186	226
186	2349
186	73
186	265
186	395
186	489
2459	1680
2459	2208
1643	464
1643	565
3	187
3	435
3	565
1731	1848
1731	1732
1732	1848
1732	922
67	1848
67	922
67	1732
67	1538
67	1870
67	492
67	1712
829	659
829	922
846	1591
468	2214
468	473
468	1778
2214	1701
2214	1826
2214	1778
2214	1891
473	169
475	1701
475	169
475	1826
475	473
475	2216
475	1737
475	1891
2228	1889
2228	169
2228	601
2228	2455
562	406
562	103
562	213
1578	847
1578	759
1578	1275
1578	1472
1578	851
759	1356
35	34
39	24
39	80
40	715
956	1048
956	889
956	1009
956	1137
956	806
956	1631
956	1232
956	683
956	1576
956	684
956	1383
963	1029
969	1029
969	2273
2402	1932
2402	2137
2402	2193
2402	1855
1542	1932
1542	1012
1542	875
1542	926
1542	1588
1542	232
2410	1932
2410	1553
1553	1932
1553	1588
1001	1248
1001	2437
1311	1018
1311	773
106	598
106	603
106	503
106	1223
106	1770
106	1013
106	431
106	633
106	834
106	2142
106	732
106	1567
106	166
106	900
106	478
106	460
106	912
106	1914
106	1915
111	166
2018	1765
507	1571
507	1142
507	1141
507	177
507	1371
507	426
507	509
1371	1088
1371	1142
608	51
608	294
608	697
608	201
2359	792
2359	51
2359	1171
2359	1934
2359	1647
2359	246
726	1419
726	722
726	51
726	2007
726	2008
726	294
726	697
726	1170
726	1171
726	1934
726	1084
1213	724
1213	380
1213	1225
1213	1108
1213	1305
1213	913
1221	2114
2134	2391
380	708
382	483
382	2256
382	1660
382	1225
382	1758
1225	382
384	2380
384	708
384	1514
384	1225
386	1773
386	483
386	2391
386	1387
386	504
386	2380
386	1508
386	2067
41	1635
41	838
41	91
41	1850
41	681
41	501
41	2273
41	1617
41	841
41	332
41	23
41	112
48	1676
48	2465
48	2273
462	6
462	209
462	5
462	464
462	690
462	45
462	203
464	2150
464	1118
464	690
464	45
464	203
484	114
484	424
2331	2265
1591	1159
1591	820
1591	727
1591	1121
1591	1538
1591	54
1591	1075
1591	145
1591	1465
1592	1159
1597	1159
242	2193
242	875
242	404
242	2060
242	597
242	926
2029	1645
2029	171
787	1177
129	326
2026	2148
2027	2141
2027	499
2027	2148
1238	1529
1238	1198
1238	1189
393	132
393	1238
393	1198
2277	2304
2277	1015
2277	1017
2278	1854
2278	376
525	398
526	2445
526	352
526	1812
526	2279
526	525
526	1075
526	1704
526	853
526	1547
526	1442
526	398
526	1463
526	1896
2282	1997
2282	2283
2282	305
604	1641
604	352
604	456
605	456
605	656
1482	957
1482	456
617	727
617	618
617	145
617	612
1489	1365
1489	1615
1489	618
1809	2107
1809	2221
1809	1328
1809	1801
1130	1223
1130	809
1130	487
1130	393
1130	1102
1130	1587
700	564
700	430
700	1654
700	1660
700	627
700	1092
700	2004
700	361
700	646
700	725
700	107
700	2006
700	71
700	1472
700	18
700	449
700	2254
700	907
700	1810
700	1604
700	1608
700	36
700	2152
700	121
700	124
700	335
700	195
700	1768
700	2163
700	529
700	88
720	922
720	175
720	2335
720	77
720	488
1269	1076
1269	1059
1269	987
1270	1269
1270	986
1270	987
1270	1546
1273	987
1273	576
1277	1599
1277	295
1277	1339
1277	1028
1277	1231
1277	1382
1277	979
1277	980
1277	1243
1277	758
1277	934
1277	935
1277	942
1277	859
1277	1061
1277	1120
1277	1108
1277	74
1277	1345
1277	1580
1277	1586
1277	987
1744	516
1744	1683
1745	516
1745	854
1745	642
80	516
80	1358
80	288
80	227
80	385
80	1461
80	279
99	379
99	1874
99	1711
99	1775
99	1777
99	2160
99	1834
99	2381
1775	1777
944	1991
944	1890
944	2296
944	1268
944	1287
944	1386
944	1779
944	945
944	2023
944	745
944	740
945	1991
945	2296
945	2176
945	1268
945	1287
945	1386
945	944
945	745
945	740
2086	2048
2086	2388
2112	2052
2112	1590
457	2322
457	667
457	2204
457	1725
457	2361
2204	2122
2204	205
2204	2322
2204	1725
2204	2361
2204	272
2227	1990
2055	2292
2055	1985
2055	2397
2055	1830
2055	1329
2055	2363
2055	2061
2055	1817
2055	2085
2055	274
2055	1824
2061	2292
2061	1985
2061	1830
2061	1824
458	1505
458	219
458	1206
458	63
458	268
458	1085
458	269
458	2106
553	317
553	859
553	1204
553	2118
553	2119
553	1000
1550	928
1550	1747
1550	1748
1550	2297
1550	660
1550	2189
1550	774
1550	1634
1550	2228
1550	1185
1550	2409
1550	2411
1550	1253
1550	2242
1550	1834
1550	1509
1550	300
1550	304
1550	434
2409	928
2409	2297
2409	2411
2411	928
2411	2297
206	2181
206	644
1913	1923
1921	1923
1922	93
1922	205
1922	1923
1925	1923
1023	1897
1023	933
1023	808
436	439
436	541
439	1863
439	256
439	261
439	467
439	685
528	1298
528	2117
528	77
528	900
528	885
647	1177
647	238
647	787
192	725
192	194
194	1699
194	562
194	2229
194	2436
194	192
194	696
194	259
1894	2012
1218	1938
1218	2156
1218	1616
1218	1157
1218	1169
1218	1799
1218	207
1218	2010
1218	1550
1218	1123
1218	1129
1218	842
1218	965
1218	398
1218	403
385	2
385	288
385	282
2484	2171
2484	1311
2484	728
2129	2385
2129	1789
2129	1783
2225	1936
154	957
154	2065
154	1298
154	1543
154	1014
154	368
154	2463
154	845
154	672
154	1217
154	1881
154	2341
154	922
154	978
154	204
154	720
154	1883
154	1621
154	528
154	175
154	695
154	77
154	1953
154	863
154	1370
154	348
154	1459
154	1265
154	2236
156	2464
156	441
156	2341
156	122
156	1743
156	304
1211	775
1211	1244
1211	1456
1211	1212
1211	218
1211	366
1212	994
1212	1101
1018	1042
1018	814
1018	918
1018	950
1018	1626
1018	1621
1018	1241
1018	575
1050	1323
1050	1012
1050	873
1050	2234
1050	1424
1050	98
1056	1450
1056	131
1948	1189
2023	1991
2023	2424
2023	1722
2023	1648
616	188
218	490
218	1212
218	381
218	366
1034	1374
1034	1352
290	9
290	1890
290	1374
2012	1893
301	29
301	1202
1117	1432
1117	941
302	245
1123	651
1123	992
587	109
587	11
587	659
587	540
588	659
590	996
590	320
590	1470
590	1585
590	1199
1470	1543
1470	335
2343	2257
2343	2228
2343	1396
2343	1670
2343	2457
594	996
594	358
594	1470
688	253
688	1779
688	20
2438	1890
2438	1286
1601	876
1601	1507
1601	16
1601	1607
1601	1467
1601	1570
1601	1573
1601	1587
1601	756
695	876
695	160
695	393
695	528
695	1607
695	1467
695	1570
695	1573
695	1587
2443	1745
2443	1467
2443	650
1607	1467
959	803
959	854
959	873
959	812
959	874
959	1185
959	1218
2127	1740
2127	1741
1450	985
1450	793
1450	1361
584	1744
584	443
2332	2122
2332	2327
2337	474
2337	1829
2337	2422
1467	876
1467	1683
1467	1570
1467	1587
592	210
592	576
2344	2368
596	187
599	115
599	1889
599	2014
599	2455
599	2015
599	2040
599	2068
599	718
1481	1579
1481	1351
1481	599
1481	2015
1481	718
1481	1398
1594	936
693	1493
693	1299
693	1145
693	1643
693	1629
693	584
693	200
693	532
693	543
693	2421
693	2422
693	1115
2440	1844
2450	423
2450	2270
2450	2230
704	187
705	231
794	1040
794	2443
794	536
794	543
808	1897
808	933
808	266
57	289
60	238
60	647
825	880
825	522
825	729
825	347
825	1124
1728	1643
1728	532
62	694
62	1455
62	200
62	150
1828	95
1828	2024
1828	921
1828	2057
1828	1993
1828	303
158	168
158	729
1950	1877
1955	1998
1955	1956
1062	425
1062	1474
1062	1475
2186	2016
2186	2051
2186	136
545	2445
545	1419
545	364
545	294
545	2304
545	236
545	1442
545	376
545	1896
2304	1782
2304	2347
330	174
330	108
330	686
330	191
330	724
330	625
330	402
330	331
625	921
1501	921
1501	1355
1501	1054
1501	1216
1886	692
1886	402
1886	1810
1886	1671
215	775
215	1244
215	1456
215	2146
215	280
1102	487
1282	996
2191	2375
2191	1720
1379	1563
1379	1375
0	512
0	8
0	407
8	407
14	244
14	409
14	375
14	368
14	220
14	512
14	701
14	229
14	665
14	31
14	691
14	254
14	359
14	0
14	8
14	577
14	706
14	407
14	415
1790	2322
1790	414
1790	1553
1790	1775
1790	1725
1790	2361
1790	1490
1791	2460
1791	1454
1791	595
1791	1490
1792	2001
1792	663
1792	1574
1792	2235
1792	2315
1792	2076
1792	2199
1792	2301
1792	2190
1792	2373
1792	1939
374	1179
374	1180
1344	495
1344	643
577	220
577	2371
577	254
577	580
580	254
15	222
15	660
15	240
15	149
15	374
15	239
15	126
15	506
15	304
15	79
1877	2154
1877	1896
989	1311
989	1233
989	1499
989	1409
989	1416
989	1103
585	325
585	353
2335	2236
45	209
1314	1419
1314	1066
1314	1036
1314	919
1314	1334
1314	1355
1314	1317
1314	853
558	284
558	559
2318	1832
2318	487
2318	2413
657	340
657	446
657	1350
2019	2345
2019	2380
2019	1681
2019	1685
2019	1687
2022	1988
2022	2019
2022	1681
2022	1685
2022	1687
323	1203
323	1479
323	498
323	1230
323	1037
323	1485
1230	1203
1230	2174
1232	1203
1232	1642
1232	1483
1232	1004
1232	1037
761	1122
761	1160
761	1545
761	281
761	1153
761	984
761	856
761	1522
761	764
761	766
761	866
761	1019
761	1288
764	984
764	1019
764	1288
766	984
766	764
766	1288
122	369
122	1743
130	369
1350	1113
1350	1332
1350	811
2457	1925
2457	1275
715	503
715	9
715	40
126	2188
126	2263
126	1842
126	1329
126	181
126	2055
126	2006
126	2268
126	506
126	22
126	2030
126	1136
2135	1666
2135	381
2135	1816
381	293
508	511
508	567
508	1059
508	1546
61	306
61	314
61	2244
61	891
61	2288
61	2366
61	398
831	1057
831	2123
831	109
831	768
831	2479
831	540
831	2039
831	2224
831	1331
831	2271
1839	2136
1839	2188
1839	1912
1839	2036
1844	2471
1844	2227
1844	2440
1054	665
1054	31
1054	691
1054	1501
236	165
236	653
236	665
236	31
236	691
236	602
236	470
236	471
236	552
236	287
236	104
236	105
236	33
2238	2150
2238	464
2238	1197
2242	803
2242	518
2242	812
2242	1634
2242	1550
2242	1123
2242	2060
2242	2420
2242	831
2242	2442
2242	1095
2242	1509
1341	518
1341	1563
1341	1202
1341	1154
1341	1168
2247	1903
2247	113
2247	214
2247	714
2247	44
2247	1883
2247	1745
2249	1745
1049	1040
1049	1332
1049	2120
2168	2244
2168	527
2168	586
2168	742
2168	1655
2168	1729
2050	1760
2050	2436
2050	324
2050	1918
2050	635
2173	372
2173	1837
4	165
741	1355
742	2244
742	891
742	2150
742	1334
742	1197
390	936
390	743
390	2449
390	1959
390	1639
390	1719
390	1723
390	199
390	1682
390	2179
390	668
632	1507
713	90
713	92
713	157
713	96
713	276
713	23
947	444
947	229
947	826
947	1902
947	965
947	612
1076	1505
1076	1339
1076	758
268	63
1085	1505
1085	1278
269	219
269	1085
595	642
595	376
1477	1012
1477	1517
1477	1623
1477	1628
1477	949
1477	951
1477	952
1477	827
1477	1403
1477	404
1477	1495
1477	198
1477	1252
1477	1585
1477	1588
1477	1114
1478	1047
1478	1049
1478	597
1478	1098
597	2390
597	1425
597	404
597	645
1490	2460
1490	1454
1490	595
1499	1605
1499	33
1499	36
1605	33
1605	784
162	527
958	1080
1437	2239
1437	1452
1437	2329
1437	2330
1437	2056
1437	1025
1437	2007
1437	779
1437	2361
1437	1170
1437	857
1437	916
1437	1934
1437	394
1437	1647
1437	1946
1437	246
1437	201
77	2464
77	441
1743	2464
1752	1652
1754	1652
1754	2228
85	716
85	555
85	113
85	214
85	714
85	44
85	641
85	198
85	348
2315	2235
2315	2373
2315	2275
1700	2189
1700	812
1700	1425
1700	1327
1700	1091
1700	737
1700	739
1297	819
2400	1321
2400	2312
2400	897
900	1208
208	377
208	1250
208	1640
208	38
208	2363
208	1593
208	531
208	797
208	711
208	1324
208	668
2407	680
2407	1785
2407	2418
2407	26
745	1567
746	1034
751	1352
751	1034
751	746
751	478
751	1044
1472	847
1473	847
1473	1027
1910	2053
1910	2229
1910	2134
682	1337
682	1007
706	512
706	8
706	407
357	29
357	1980
357	1724
683	1690
797	735
797	2014
797	1443
797	2040
797	208
797	711
141	181
141	416
141	1958
2425	1759
2425	1129
798	1322
798	1385
798	666
798	799
798	972
799	1310
799	1641
799	1320
799	1385
799	1515
799	1154
799	798
799	972
131	1675
131	476
1246	981
1246	1122
1246	281
1246	1153
1246	766
1246	1019
2261	2090
2261	472
506	377
506	2136
506	459
506	1640
506	1593
506	2006
506	2030
506	1136
506	976
225	311
225	999
615	132
615	1189
622	1123
1494	1310
1503	1747
1503	1748
1503	1563
1503	1711
1503	1484
1503	788
1503	1228
1503	1670
1503	2173
1503	1834
1503	2458
1503	148
2442	1095
1606	1131
1606	1095
2458	1747
2458	1711
2458	1185
2458	1834
1982	1874
1982	1885
1982	2160
1982	131
1982	2381
1971	2295
2077	783
2077	2078
2077	2079
1405	196
1405	1574
1407	196
1407	1405
1662	2090
1662	472
22	2090
22	1682
1663	2090
755	337
755	53
755	1471
755	1357
18	839
18	816
18	1810
18	124
198	2170
198	1199
1196	1260
1196	1417
1204	2412
1204	2118
1204	2119
2118	2048
2119	2118
104	846
104	236
104	470
104	105
104	1815
105	846
105	470
105	287
877	1183
877	1001
877	757
1804	2154
2333	2234
2333	1948
857	779
1776	1989
1776	2329
1776	779
1776	1437
1776	857
861	779
861	857
1902	1867
1902	2185
1902	633
1902	1804
155	2013
155	1925
155	2343
155	2457
927	1900
927	1925
927	155
927	1041
1041	1293
1041	1396
1041	1333
1942	2410
899	1378
899	1499
899	422
1168	1432
1252	1099
405	1983
405	153
836	1441
836	926
1110	936
1110	804
1110	901
1110	1393
1110	1638
1110	1639
1110	1592
1110	1594
1110	1161
1110	1162
1110	1163
1110	1285
1110	974
1110	1038
2016	1646
2016	950
2016	1622
2016	1817
2016	2082
2016	2083
2016	1285
2016	1945
2016	2042
2016	117
2016	2092
1116	138
1116	735
1116	1285
1116	1677
1116	2035
1116	795
1116	117
1116	810
707	1528
1965	2416
1833	2031
1300	295
1300	1548
1300	272
1392	1548
650	1465
909	1579
909	1351
909	1078
909	910
909	911
909	1398
909	850
910	1579
910	1351
910	1498
910	1078
910	1182
910	911
910	924
910	171
910	1398
910	999
911	1579
911	1069
911	1078
911	1398
926	1441
926	1229
926	875
926	943
926	1637
2469	599
2469	2015
2469	718
718	723
718	1489
718	599
718	2015
718	1237
2161	1496
2161	1798
2161	2159
2161	1959
2161	54
2161	1719
2161	1723
2161	199
2161	1682
2161	2179
2161	566
1095	2151
2212	2348
2212	478
2215	2246
478	1770
478	2348
478	2212
1976	2293
1976	1892
1978	1892
1979	2146
1979	1892
344	412
1194	868
1194	1627
1434	765
1434	767
1434	1074
1434	323
1434	830
1434	999
941	878
25	1113
25	1779
25	732
25	20
25	428
117	1831
1816	2135
139	775
139	1244
139	1456
139	490
139	1211
139	218
139	215
139	366
2217	2039
2217	2224
2224	2039
1331	2039
232	167
668	640
668	2449
668	1835
668	54
668	976
1568	976
1908	1964
1109	1112
1109	1534
1109	1527
2154	1877
2154	1804
2154	1896
2248	2111
2248	2417
2248	2144
2248	1995
2248	1081
2254	2252
2264	1872
1457	1219
1457	1297
810	1817
828	963
828	1389
924	1078
171	835
171	1406
171	1831
1953	2065
2281	2074
2281	1717
2281	783
2287	406
2287	1124
1509	1091
1509	213
1509	1347
1509	1348
635	2166
635	1360
635	1363
635	562
635	1348
1059	758
1059	1076
1059	606
1059	986
1059	1546
316	253
316	20
427	350
519	454
519	2050
519	2287
321	1458
321	256
321	1510
321	467
322	1821
322	2346
322	256
322	261
322	1859
322	439
322	321
322	730
322	467
322	685
1370	1298
1370	1217
1370	528
965	1310
965	1616
965	1367
965	826
967	1310
967	56
1186	1757
1186	1622
1186	2016
1186	1945
1186	2092
2092	2101
2092	1831
2094	1622
2094	1945
2094	2042
2094	2092
1199	224
1200	938
1200	224
2320	1941
2320	2147
2320	1987
2320	2237
2320	2172
1438	1404
1438	148
1442	1397
1442	1404
1442	872
648	1713
648	1488
1532	1488
33	1605
784	1605
36	1005
36	1930
36	1843
36	2211
36	1605
1179	374
1179	1180
1180	374
2093	2311
542	1832
542	229
542	2185
542	2289
542	1714
542	947
542	1902
1560	802
1560	805
1560	1263
754	295
754	1392
2285	2079
636	569
636	1030
636	995
636	954
118	1856
118	1712
118	687
999	1772
999	1901
1901	1772
292	2321
1234	1563
1234	996
1461	849
1461	1460
1462	849
1462	1321
1462	897
1462	1460
1462	1461
2434	2443
2434	2249
1178	1636
1178	993
1178	1328
1698	1661
2175	1676
2175	2465
623	175
623	488
1694	2109
892	1111
2155	1675
948	2052
948	2245
948	1800
948	789
398	2244
398	1812
398	525
398	61
1251	1989
1251	2003
1251	2253
1251	1510
1251	916
1251	394
1251	1647
1251	235
1251	730
1251	102
2356	1786
2356	808
606	1786
606	2302
606	211
606	49
606	50
1067	1122
1067	1153
1067	761
1067	766
1067	866
1067	1019
467	256
467	439
541	256
541	436
1420	2360
1420	879
1420	237
2393	2452
2393	2463
2393	2468
30	638
30	219
30	1085
30	269
30	2106
1949	1820
1949	2412
1949	553
1949	286
419	593
419	1418
419	1388
756	1493
756	1570
1672	1870
1673	1870
760	813
760	1368
760	1245
760	1267
296	1012
296	1504
296	1628
296	153
296	1173
296	1588
1114	1012
1114	1628
1114	1588
2017	1796
2017	2336
1739	2147
1739	1746
1197	1780
1197	1986
1197	2150
1197	1118
1197	919
1197	1334
1197	742
1197	1655
1197	1729
460	1914
675	1071
675	573
675	490
675	1050
675	1725
675	2361
675	84
675	1572
675	575
776	1147
776	1611
777	1147
777	1611
1667	2345
1669	1665
1669	1968
1669	1940
1685	2019
1685	1669
1685	1687
1685	1940
1686	2345
1686	2019
1686	1687
1687	2345
1687	2019
1687	1669
1687	1681
1687	1940
411	94
411	363
1459	1531
1459	1093
1459	1169
1459	1131
1459	1344
1459	1338
1459	1463
1459	643
1463	1093
1271	1201
1271	1209
1271	1369
1369	1512
1369	1201
624	468
624	2214
624	473
612	444
612	1465
248	252
1488	1485
619	1485
2195	2302
2195	1064
2196	2218
2196	2302
2196	1064
747	1048
747	904
747	1259
747	1598
747	1255
747	1636
747	889
747	1009
747	1137
747	1065
747	806
747	1303
747	42
747	1077
747	159
747	1008
747	1595
747	1373
747	1618
747	1178
747	248
747	1258
747	1384
1400	807
1400	1913
1400	1921
1406	789
850	858
850	909
850	910
850	911
850	924
1778	1737
195	564
991	564
991	1005
991	990
991	784
403	1426
403	29
1258	1426
1258	1292
1258	1156
1258	1139
1258	1155
1258	1612
1258	1384
197	647
197	1582
197	1446
1083	1582
1083	772
1089	1519
1089	1581
1089	888
1089	1009
1089	1137
1089	1065
1089	806
1089	1002
1089	1150
1089	1330
1089	1373
1089	1016
1089	1004
1089	1051
1089	1186
1089	1136
1195	1484
1195	788
351	1484
351	788
1449	871
1449	1949
1449	354
1449	133
1449	421
453	9
1427	883
1427	1365
1427	1615
1427	1489
2148	2194
2148	2026
1801	2221
1892	1935
1892	2444
1892	698
1892	699
1892	2143
1019	766
685	1821
685	66
685	1859
685	439
2419	2219
2419	2441
2426	2066
1691	1789
1691	1783
1691	1878
1691	1861
1691	322
912	56
912	1315
912	1320
912	902
912	1469
912	57
912	798
912	799
912	648
912	304
912	289
912	972
1962	1780
1962	1986
1288	984
1288	764
655	205
655	1578
655	547
914	899
643	1344
643	495
986	1269
987	1278
987	1339
987	567
987	1269
289	1299
1265	1014
1879	2460
1879	1396
1879	1490
966	1352
966	1044
255	24
461	2453
461	226
461	285
461	1703
461	46
1564	834
1800	2250
434	180
434	2380
1527	1112
1793	1622
1793	274
1793	1037
1793	1945
1793	2042
1793	810
881	1276
881	886
881	950
881	1537
881	795
881	810
1546	1278
1546	567
1554	1278
740	745
1124	303
1125	1115
2020	2024
2020	1993
2020	303
1134	1115
2131	1897
2131	808
2131	1825
488	2335
2236	2335
915	1316
917	795
917	915
1584	811
1584	1264
1584	1478
684	230
684	889
684	1065
684	1232
684	1383
1045	1232
1045	1004
1383	889
1383	1556
1384	1258
1006	1692
1006	786
1006	1702
1011	790
1905	1086
1905	2466
1905	79
32	638
230	337
230	53
1057	2224
2218	2219
2218	2025
578	579
579	524
579	95
579	54
1937	2404
1938	2404
2156	1938
2156	1799
2156	2386
2156	1347
2423	1713
2467	1914
2472	1914
1733	1807
1734	1733
1734	1807
593	383
593	419
620	654
620	372
620	11
620	587
620	588
1600	1664
1600	1259
1600	1819
1600	1757
1600	1841
1600	2157
1600	2083
1600	2016
1600	1665
2441	1603
2441	752
1603	752
1610	752
1610	1308
2445	1811
703	1811
703	135
1773	1086
1773	1758
1773	1668
860	1086
860	1087
876	2259
1780	263
1780	1986
721	241
1747	1748
1747	1834
2100	1904
2100	452
936	1985
936	901
936	1841
936	1853
936	1594
936	1161
936	1162
936	1163
936	1412
306	308
306	263
306	364
306	178
308	306
308	263
309	306
309	308
309	891
309	1781
309	1442
314	306
314	364
314	178
314	1003
12	152
1552	889
1552	142
769	770
769	771
770	769
770	771
1730	2419
253	20
502	295
812	2189
812	1425
812	1327
812	1091
812	739
1291	933
414	376
2351	2287
160	487
949	952
949	1403
951	952
951	827
951	1557
951	1114
1525	1151
1525	1050
1525	2170
2395	804
2395	901
2395	1537
2395	2157
2395	1161
2395	1163
2399	1537
2399	2157
1537	2157
1812	1704
1638	1594
1639	1638
2483	1650
2483	1076
2483	986
2483	1546
1876	1880
1876	1715
1880	1715
2108	2114
2113	2114
2231	2088
2231	1656
1705	1931
1705	1701
1705	1891
1826	2216
1826	1891
1916	2178
226	285
226	46
497	2401
2276	521
2276	2401
1183	1381
1183	1001
1183	877
646	1092
646	2205
646	589
646	107
646	1472
646	2466
646	1604
646	1608
168	1301
168	543
168	2298
2049	2058
2049	395
340	148
1779	1991
1779	2023
1881	1992
2005	1952
2005	2327
2005	1649
2005	5
2005	486
681	90
681	48
1806	703
1811	703
1811	36
134	703
134	135
134	391
1818	703
1818	1806
135	703
135	134
135	841
135	391
135	112
1078	2122
1078	1237
1078	763
1239	1530
1239	1561
749	748
897	1321
2014	2040
869	1335
869	1164
869	870
870	1335
870	1164
1128	791
2341	1743
686	724
686	1771
2435	1771
921	1712
1836	1712
922	1712
184	420
184	22
184	370
1868	2172
977	1387
977	982
977	1518
190	1773
190	504
196	1773
196	504
196	982
982	1354
983	1354
983	982
270	2031
270	172
270	1833
2471	2045
832	953
832	1523
832	1242
97	1519
97	251
97	712
1849	2274
1849	712
1849	2038
1849	248
256	261
1967	1863
1967	261
260	436
261	2346
261	1859
264	436
1182	1069
1182	1237
1182	763
1562	2183
1562	1709
1562	497
1562	1614
1562	687
1020	491
1021	1020
1021	2139
1021	491
1929	1697
387	647
1360	1073
1362	1360
1362	1073
1363	1360
1878	439
1878	322
1220	905
1220	1024
1220	988
1220	1010
1228	905
1228	2173
1228	1195
815	2360
815	879
815	749
815	237
815	1420
152	114
152	484
157	669
157	92
157	937
157	2138
157	1084
157	643
1487	1042
717	228
717	2181
137	305
1381	1387
1381	961
1381	190
1381	1039
1388	1418
1622	2188
1622	1148
1630	1048
1630	126
1630	163
1630	1446
1630	1391
1630	1178
1630	1669
1631	1048
1882	1743
1327	737
1859	1821
1859	2346
1859	261
546	1760
546	454
546	13
546	1060
546	1258
662	352
1807	1733
285	46
1640	1193
859	171
191	140
191	402
2146	2293
1329	2397
1329	2480
1329	743
1329	903
1329	2055
1329	1689
978	1128
978	863
204	441
204	555
204	77
1091	1327
1091	737
1091	739
2133	2024
2133	1993
2133	303
1626	1448
1626	1421
1626	1409
1138	1453
1138	743
1359	1544
1359	1620
2056	1655
2386	2243
1875	2206
2476	2034
2477	95
2477	2476
2477	1898
1002	1535
1002	1004
2229	1699
2229	194
96	1738
96	1693
96	2376
96	1520
96	2389
96	1526
96	1624
96	2462
96	1184
1455	1299
1380	878
1380	1319
1380	1325
1380	1326
1380	1284
1380	940
1674	2448
1674	1706
1474	1475
1475	1474
1475	1281
1851	1936
2062	1930
2062	1843
2062	2211
2062	1803
143	17
1281	1567
1377	871
919	853
621	598
76	319
364	178
364	1815
480	630
480	296
267	1951
2098	2262
2098	2105
2098	1651
2105	2262
2105	2328
2105	2098
2105	2028
1025	1454
1025	1490
1025	1547
1025	1015
1025	1017
120	521
251	712
396	241
833	1571
833	1142
1873	2424
1873	1722
1873	2023
960	2375
930	1427
2058	183
2058	481
336	183
336	481
1146	1541
1714	1832
1714	1941
1714	2059
1714	1963
2279	1812
1233	571
1233	1416
1236	1233
1236	1416
505	337
505	570
505	1136
1375	1168
58	1773
58	504
58	932
58	2306
426	1291
426	177
426	509
1933	1741
2011	1250
1107	1250
1107	1535
1486	1529
1486	951
1486	827
1486	1557
1486	1114
2087	2174
2087	1901
2095	2174
1762	2181
1762	1657
1762	717
652	1418
652	610
652	1388
652	499
1539	1388
490	494
494	1372
494	1101
37	531
38	349
38	531
38	258
690	203
725	101
725	71
1974	2166
1974	2048
1974	2388
540	109
658	556
1104	862
1104	586
1104	1079
1104	2168
1104	1962
2007	2329
2007	2008
2007	916
2007	730
2008	2003
2010	2239
2120	1986
2120	1781
2121	1815
373	394
373	235
373	730
2223	2056
486	600
2253	2002
2253	102
586	600
586	1986
586	1815
586	1003
1491	848
1491	2363
1491	2216
1593	1640
1593	38
1340	1336
1340	773
1515	1154
1522	1160
1522	1545
83	400
83	2192
1082	1248
1086	1248
1086	1087
1087	1248
602	1660
602	552
1961	2372
1961	2371
1961	1827
1961	1750
1961	1907
1961	577
1961	2307
254	220
254	2371
254	1907
254	580
266	432
827	1557
1969	2259
2417	2479
2417	1809
2417	1761
2417	2107
2417	1136
531	472
1883	2053
1883	84
2216	2363
673	2312
673	1760
673	2368
673	1060
673	493
147	50
147	606
1823	2357
149	1306
2358	2322
2358	422
609	422
1621	762
1621	2380
1621	2232
1621	2233
1621	191
1621	28
1621	1752
1621	1984
1621	1296
257	674
334	312
334	790
334	1011
1181	1540
1181	855
1181	865
1181	772
1181	781
1181	782
1181	1402
1181	1053
1772	1901
1980	1724
1548	295
1548	1392
2142	2117
181	138
181	677
181	710
181	673
181	42
181	159
181	390
181	711
181	355
181	136
181	117
181	248
181	493
182	2449
182	181
182	42
182	159
182	370
182	1958
1266	984
1266	764
1279	1349
1907	580
392	299
392	479
2153	299
2153	479
2153	2151
732	56
13	454
816	839
1439	1240
1439	832
807	1921
1567	1386
1567	1281
140	174
140	319
140	326
140	343
631	567
2041	1690
509	177
1707	2207
1707	2369
1443	848
1443	1632
1443	735
1443	1205
1443	915
1574	2336
1715	1880
1431	1187
1431	1436
1431	1132
1431	867
1431	1175
1431	334
1431	1435
1431	1613
1431	538
1431	786
1431	790
1431	822
1431	823
1431	59
1431	824
1431	1174
1431	1143
1431	1011
1435	1304
1435	1436
1435	1172
1435	1174
1856	221
1856	1951
1856	191
1068	904
1068	1259
2461	2291
2461	2374
1614	1368
1614	544
43	544
2340	2048
1926	1684
175	488
943	1637
629	1421
629	568
629	918
629	2232
629	2233
629	249
629	2466
629	1241
629	2362
629	292
2006	2188
2006	506
2006	2030
2006	1081
1629	1299
28	554
1817	2083
2251	1653
2157	1664
2157	1537
1627	868
1627	1194
55	1787
55	341
55	1719
55	795
1721	1787
432	145
326	319
326	343
20	253
2415	1895
2144	1276
2144	2417
2427	2128
233	528
416	708
2456	936
2456	2342
1126	559
2447	1709
2447	2401
2447	497
2241	2200
2177	1666
1302	1519
1303	1519
1303	1620
2222	2379
87	639
1837	654
1090	771
1090	1441
2398	1654
2408	1654
1569	1654
1569	2313
1569	1195
887	1620
887	1359
1139	848
2266	1764
2266	2000
2266	2267
2267	1764
2268	2263
2268	1842
2349	2403
2349	265
2349	489
2437	1920
1838	497
1838	1668
1838	2414
906	1427
2255	1949
560	221
560	118
1917	257
1917	1953
2132	2125
2132	856
1154	1515
42	181
1758	2256
997	2271
997	1143
1977	2271
424	114
164	202
1703	2453
1703	2454
1703	226
1703	239
46	226
46	817
413	281
998	994
2071	2104
2071	2011
142	2327
142	2116
142	365
142	1155
142	1149
142	2081
142	2084
142	2110
142	2124
142	1440
1668	932
757	932
2444	698
2444	2143
698	1935
698	64
698	2143
699	1935
699	64
699	698
699	2143
1725	2322
1725	2204
923	1405
1957	2284
2286	2290
1334	891
2361	2204
1378	1280
1378	1501
1378	287
1378	1216
1077	734
1077	1480
1077	958
1077	1506
571	994
571	773
1822	970
1822	2324
63	268
178	364
1201	1512
1222	862
1353	1140
485	477
362	277
71	725
71	192
931	1337
931	1007
479	299
2414	310
2414	1668
1480	1506
1290	769
1410	728
1410	817
26	1067
200	607
200	145
2149	2308
1047	1994
239	2453
239	1703
1536	1087
27	500
1338	495
1338	1459
492	495
1346	495
1346	1459
1869	1711
2057	1993
651	280
866	856
313	173
313	98
313	728
2303	1695
1761	2371
1451	754
2295	2432
1101	1372
2040	2014
1834	1747
1834	1748
275	459
1802	1888
1808	1803
1808	1966
1108	2102
1108	240
1471	337
1471	53
2448	2064
315	435
2039	2217
243	452
243	36
331	686
1364	894
1155	2456
1735	2296
946	1239
1357	53
1357	755
499	1407
2451	2123
2451	2205
2451	2313
2451	2248
1305	1239
2387	363
1693	1795
2265	2138
2265	489
853	1317
840	1355
712	251
2139	2384
2072	2101
2082	2101
2083	2101
2085	2101
2085	2107
736	1442
2226	2481
2226	1537
2036	2480
2036	1689
1148	975
1148	1479
1148	1226
1149	975
1149	1479
1149	1226
1149	1343
1149	670
1149	1576
1149	785
1149	1428
1149	1440
2038	1479
2038	1230
2038	2428
835	783
1008	1035
1008	1589
1008	1373
1008	397
2366	2334
1510	1458
1906	2350
1899	1492
1899	272
1899	1994
272	1999
1994	1492
1098	1492
1999	2365
916	1510
1566	1022
1566	898
2406	1660
2406	2401
1934	201
1249	1452
1249	1934
1249	1647
1249	246
1015	1017
1017	1015
744	1422
394	1647
394	246
733	510
733	643
1272	1084
2376	96
1520	1521
1520	1096
1521	1520
2389	1738
1526	1520
1526	1521
1624	1526
1625	1526
1625	1624
2462	96
2462	2376
738	796
738	1520
738	1263
864	800
864	738
864	1263
955	802
955	937
955	1263
1263	805
510	733
1430	908
1430	1109
2307	2371
2307	577
1580	1061
1580	1586
1586	1061
2068	2037
343	319
711	710
711	1835
1987	2237
283	701
283	1941
283	561
283	1714
283	1963
1589	1008
1589	1373
1589	397
1736	2354
1094	2364
1094	1402
355	1639
355	1677
355	2429
355	2032
355	1390
355	1391
355	1186
355	881
1446	1429
1446	2313
1665	1757
1152	2480
1152	1689
885	1065
885	2032
1919	710
1919	2067
1919	711
1373	1598
1466	2364
2364	1678
830	767
830	1434
2126	2325
1343	1690
1692	1702
786	1702
790	1436
790	1613
790	59
790	824
790	1006
1702	786
1708	1692
1708	786
1162	804
1162	901
1162	1853
1162	1944
1162	1161
1162	1163
2047	804
2047	1841
2047	1163
2051	2470
2051	2482
2284	1161
2284	1205
2284	2431
2284	2433
1412	1162
1677	2470
1677	2482
1677	55
1677	2035
1677	795
1814	1819
954	1030
954	995
1189	1043
1191	1043
1422	744
1655	1729
328	1504
328	1173
1173	1504
1585	1628
1588	1628
1718	1719
1718	1723
1719	1723
1723	1719
1726	2470
1726	2482
1726	274
1727	2470
1727	2482
974	1632
199	2481
1004	1207
1981	1805
1981	2035
1981	2042
1995	1205
2097	2032
2099	2107
1205	1393
1205	2107
2221	1801
1328	1801
2429	1646
2431	2433
2433	2431
2042	1805
2042	1852
2203	1852
2203	2042
2213	1805
1324	710
1324	1081
1924	1853
1924	1944
1100	1255
1100	1256
1100	1257
1958	2449
1390	1391
1390	1178
1391	1178
1618	1636
1618	1309
1572	1071
1227	1245
1227	1267
2271	1267
556	179
556	658
2421	2422
772	781
772	1053
125	100
907	781
2352	1888
2374	990
1794	287
1794	1810
2076	2275
2199	2235
2446	2001
2446	1792
2446	2315
2446	2076
2446	2199
2190	2315
2190	2373
2190	2275
2373	2209
2081	2124
2084	2124
2110	2116
1051	1303
98	2463
98	2468
863	2468
863	2197
863	2198
837	1633
837	844
837	41
843	1184
852	1635
852	838
852	841
852	332
852	1295
852	112
1887	2474
1887	2201
276	852
1996	2478
1996	838
1996	1846
1996	1850
1996	1858
1996	1887
1996	1619
1996	1865
1996	2054
1996	2145
1996	112
1996	1871
1996	1884
501	731
2273	1644
1506	734
1617	838
1617	1755
1617	1847
1617	1850
1617	1857
1617	1858
1617	135
1617	41
1617	1996
1617	1619
1617	1865
1617	841
1617	440
1617	2319
1617	391
1617	112
1619	1850
1619	1857
1619	135
1619	41
1619	1617
1619	841
1865	1617
2115	2138
2115	1984
1306	1318
1307	1306
841	838
2069	2044
2070	2044
2187	1755
2187	2319
1295	844
1295	332
440	844
440	176
440	2201
440	463
463	176
463	2201
2319	1846
2319	1847
2319	1857
2319	1865
2319	391
123	91
123	2044
2044	2140
2054	1846
2054	1871
2054	1884
1184	92
338	92
338	1184
1658	2044
1795	391
2145	1846
2145	463
391	135
112	2240
1788	2240
1871	1884
1884	1871
670	975
670	1226
670	785
1688	1864
1688	970
1688	1798
1688	785
785	1864
785	1428
1313	1226
1440	1343
661	2068
1604	1092
696	1092
696	646
1608	1092
1072	1193
1072	2111
258	349
1647	2002
1647	2253
739	1425
1862	2323
1862	1866
1866	2323
1866	1862
1308	1559
1541	1610
265	10
363	2387
2073	555
2073	2316
2073	2321
2073	2232
2073	2233
348	2316
1296	1289
2197	2316
2197	2232
2197	2233
2197	1289
2197	2198
2198	2316
2198	2321
2198	1289
2198	2197
1241	2392
2269	2392
2269	1241
2362	2392
1815	1003
898	1003
1003	1815
2339	2152
1966	1803
1972	1808
1972	1966
2353	1758
1423	1280
932	1668
2237	1987
2237	2172
823	867
59	1613
59	538
59	822
59	824
1928	2253
1946	2329
1946	2330
1946	2008
1946	235
1946	730
235	394
235	102
246	582
246	2329
246	2007
246	394
246	1928
247	589
2377	2109
2377	2163
2396	2004
1751	2102
1968	1973
1058	1583
1058	2105
2028	342
2164	2053
2164	2401
2164	2405
1174	1172
539	2158
539	399
539	2306
539	1659
539	19
539	2475
2306	539
2306	1659
2306	2475
1659	539
1659	2475
19	539
367	151
1565	1558
1565	1032
1565	1033
1943	1032
1943	1033
335	1032
335	1033
335	1927
2063	1032
2063	1033
2063	1927
2063	1943
2475	2158
397	1595
1394	1181
1402	1181
1143	1176
1766	700
1766	1768
1766	1784
1767	700
1767	1766
1767	1768
1767	1784
1768	700
1768	1784
1769	2091
1784	1769
789	1590
